20.9
20.1
22.3
23.2
23.6
22.2
23.4
22.8
22.5
22.9
22.9
22.9
23.1
23.5
23.0
21.9
22.4
22.4
23.2
23.5
23.4
22.8
22.7
22.3
21.5
17.9
14.0
13.7
13.6
13.7
13.6
14.2
14.4
15.3
16.3
15.4
15.7
18.9
19.9
18.7
18.0
17.9
20.9
19.7
16.9
16.5
16.5
19.2
20.6
20.0
19.0
18.5
18.6
18.8
18.9
18.1
17.7
17.3
17.3
18.0
18.4
18.7
19.3
19.7
19.7
19.7
17.4
16.2
14.7
13.8
13.5
13.9
14.9
15.4
15.6
15.4
15.0
14.9
15.1
14.7
14.5
14.2
13.7
13.0
12.8
12.7
12.7
13.1
13.5
13.2
13.6
13.4
13.4
13.0
12.8
11.9
11.7
11.5
11.5
11.8
12.1
15.4
15.8
16.2
17.0
16.7
17.7
17.4
18.2
18.6
19.2
19.1
19.1
19.7
19.7
20.2
20.7
20.9
20.7
20.7
20.9
20.6
20.4
20.5
20.5
20.7
20.9
20.8
20.9
21.3
21.4
21.4
21.7
22.1
22.1
20.7
17.3
18.9
19.7
19.1
17.4
19.2
19.0
16.9
18.9
19.1
17.9
17.7
19.0
18.9
20.1
23.1
23.7
23.9
24.3
24.3
24.3
23.1
22.1
23.4
24.0
24.2
24.4
24.5
23.6
22.1
22.5
23.6
23.0
23.3
23.4
23.1
21.6
18.6
18.0
19.1
18.6
16.4
16.0
19.6
18.6
19.9
22.6
23.0
22.6
21.1
20.9
21.3
21.4
21.4
22.0
21.4
20.7
21.6
21.6
21.3
21.3
21.2
21.2
21.2
20.4
16.8
18.1
16.6
18.7
18.6
18.4
19.4
20.1
19.6
17.4
16.5
15.5
15.3
15.6
15.7
16.0
16.6
16.9
17.0
16.6
16.7
16.2
16.2
16.1
16.4
16.4
16.0
15.8
15.7
16.1
16.7
17.2
14.8
15.1
15.4
15.4
15.2
16.5
16.3
16.2
16.2
16.3
17.0
16.2
14.9
16.0
16.6
15.4
14.9
14.7
14.2
15.4
16.1
16.7
16.5
15.1
15.7
16.5
16.8
17.2
17.6
18.1
18.4
18.6
18.6
19.3
20.4
20.6
20.6
20.7
21.4
21.6
21.1
21.5
20.3
17.4
20.5
21.2
21.2
20.8
21.2
22.0
22.5
22.6
22.3
22.5
22.9
22.8
22.7
23.0
23.1
22.9
23.1
23.6
23.8
23.4
23.6
22.6
22.1
22.0
22.2
22.4
22.7
22.7
22.7
22.6
22.6
22.7
23.2
23.3
23.4
23.4
23.5
23.6
23.5
23.5
22.9
22.7
22.3
22.2
21.9
21.9
22.2
22.3
22.3
21.2
21.0
21.1
21.1
20.7
20.1
19.7
19.4
19.2
19.2
19.4
19.8
19.7
19.8
19.9
19.9
20.2
20.5
20.8
20.9
20.9
20.7
20.9
21.1
20.7
19.8
19.8
19.6
19.3
18.9
18.6
18.4
11.6
11.1
11.6
11.8
11.6
11.8
11.9
12.4
12.5
13.0
12.5
12.4
12.1
11.6
12.0
12.1
12.7
12.2
12.5
12.3
14.1
16.9
17.2
16.4
17.0
16.2
17.0
17.2
16.8
15.9
16.7
17.0
16.7
16.4
16.4
16.4
17.0
17.0
16.8
16.6
15.8
14.4
17.8
18.3
18.4
18.1
17.9
18.8
19.2
19.1
17.8
18.9
18.1
16.7
16.2
17.1
18.5
18.7
16.7
18.1
19.2
20.1
20.1
20.8
22.0
22.1
21.0
20.6
21.7
23.0
24.0
23.9
23.6
17.3
17.6
18.7
19.8
21.3
21.8
21.9
21.8
22.0
22.4
22.6
23.0
22.9
23.0
23.3
23.2
22.4
22.5
23.1
23.8
23.7
24.1
24.4
24.8
25.0
25.0
24.6
24.5
24.7
25.0
25.1
25.0
23.9
23.3
22.6
21.8
21.7
22.2
22.6
22.0
21.1
21.0
21.1
18.0
17.0
19.9
